EJ230    Density = 1.023000    Aeff = 10.306294    Zeff = 5.577471
     1.0      2058.87318         0.00060         0.01317
     2.0       283.38167         0.00325         0.05305
     3.0        84.00874         0.00838         0.11340
     4.0        35.31411         0.01599         0.18266
     5.0        17.78564         0.02679         0.25131
     6.0        10.21311         0.04100         0.31395
     7.0         6.43169         0.05906         0.37029
     8.0         4.31137         0.08148         0.41864
     9.0         3.04008         0.10868         0.46219
    10.0         2.24410         0.14005         0.50126
    11.0         1.72044         0.17485         0.53562
    12.0         1.36214         0.21255         0.56672
    13.0         1.10901         0.25265         0.59552
    14.0         0.92512         0.29436         0.62238
    15.0         0.78837         0.33698         0.64732
    16.0         0.68271         0.38086         0.67050
    17.0         0.60143         0.42429         0.69203
    18.0         0.53772         0.46648         0.71179
    19.0         0.48639         0.50631         0.72915
    20.0         0.44506         0.54426         0.74527
    21.0         0.41138         0.58008         0.76034
    22.0         0.38373         0.61372         0.77420
    23.0         0.36076         0.64503         0.78717
    24.0         0.34156         0.67408         0.79914
    25.0         0.32499         0.70051         0.80995
    26.0         0.31076         0.72472         0.81986
    27.0         0.29855         0.74693         0.82913
    28.0         0.28800         0.76725         0.83775
    29.0         0.27881         0.78579         0.84573
    30.0         0.27078         0.80272         0.85322
    31.0         0.26368         0.81837         0.86018
    32.0         0.25721         0.83249         0.86655
    33.0         0.25129         0.84524         0.87241
    34.0         0.24600         0.85688         0.87791
    35.0         0.24126         0.86750         0.88307
    36.0         0.23700         0.87719         0.88794
    37.0         0.23315         0.88605         0.89251
    38.0         0.22966         0.89415         0.89682
    39.0         0.22648         0.90156         0.90088
    40.0         0.22359         0.90835         0.90471
    41.0         0.22094         0.91458         0.90835
    42.0         0.21852         0.92029         0.91177
    43.0         0.21629         0.92554         0.91501
    44.0         0.21423         0.93036         0.91808
    45.0         0.21230         0.93480         0.92099
    46.0         0.21051         0.93889         0.92375
    47.0         0.20885         0.94266         0.92637
    48.0         0.20718         0.94611         0.92881
    49.0         0.20548         0.94927         0.93109
    50.0         0.20388         0.95220         0.93326
    51.0         0.20237         0.95492         0.93533
    52.0         0.20095         0.95744         0.93731
    53.0         0.19960         0.95979         0.93920
    54.0         0.19833         0.96197         0.94101
    55.0         0.19711         0.96401         0.94274
    56.0         0.19596         0.96590         0.94439
    57.0         0.19486         0.96768         0.94598
    58.0         0.19381         0.96933         0.94749
    59.0         0.19280         0.97087         0.94894
    60.0         0.19183         0.97232         0.95034
    61.0         0.19090         0.97368         0.95168
    62.0         0.19001         0.97495         0.95296
    63.0         0.18916         0.97614         0.95419
    64.0         0.18834         0.97726         0.95538
    65.0         0.18755         0.97831         0.95652
    66.0         0.18679         0.97930         0.95762
    67.0         0.18606         0.98024         0.95867
    68.0         0.18535         0.98112         0.95969
    69.0         0.18466         0.98194         0.96067
    70.0         0.18386         0.98271         0.96159
    71.0         0.18309         0.98344         0.96247
    72.0         0.18233         0.98413         0.96333
    73.0         0.18160         0.98478         0.96415
    74.0         0.18089         0.98540         0.96495
    75.0         0.18020         0.98598         0.96572
    76.0         0.17953         0.98654         0.96646
    77.0         0.17887         0.98706         0.96718
    78.0         0.17822         0.98756         0.96788
    79.0         0.17759         0.98804         0.96855
    80.0         0.17697         0.98849         0.96920
    81.0         0.17637         0.98892         0.96983
    82.0         0.17578         0.98932         0.97045
    83.0         0.17521         0.98971         0.97104
    84.0         0.17465         0.99008         0.97162
    85.0         0.17410         0.99044         0.97218
    86.0         0.17356         0.99077         0.97272
    87.0         0.17304         0.99109         0.97324
    88.0         0.17253         0.99140         0.97376
    89.0         0.17202         0.99169         0.97425
    90.0         0.17153         0.99198         0.97474
    91.0         0.17105         0.99224         0.97520
    92.0         0.17058         0.99250         0.97566
    93.0         0.17011         0.99275         0.97610
    94.0         0.16966         0.99298         0.97653
    95.0         0.16921         0.99321         0.97695
    96.0         0.16878         0.99342         0.97736
    97.0         0.16835         0.99363         0.97775
    98.0         0.16792         0.99383         0.97814
    99.0         0.16751         0.99402         0.97852
   100.0         0.16710         0.99420         0.97888
   101.0         0.16662         0.99437         0.97923
   102.0         0.16614         0.99454         0.97957
   103.0         0.16567         0.99470         0.97990
   104.0         0.16521         0.99485         0.98022
   105.0         0.16476         0.99500         0.98053
   106.0         0.16431         0.99514         0.98084
   107.0         0.16387         0.99528         0.98114
   108.0         0.16344         0.99541         0.98143
   109.0         0.16301         0.99554         0.98171
   110.0         0.16259         0.99566         0.98199
   111.0         0.16218         0.99578         0.98226
   112.0         0.16177         0.99589         0.98253
   113.0         0.16136         0.99600         0.98278
   114.0         0.16097         0.99611         0.98304
   115.0         0.16058         0.99621         0.98329
   116.0         0.16019         0.99631         0.98353
   117.0         0.15981         0.99640         0.98376
   118.0         0.15943         0.99650         0.98399
   119.0         0.15906         0.99659         0.98422
   120.0         0.15869         0.99667         0.98444
   121.0         0.15833         0.99675         0.98466
   122.0         0.15797         0.99684         0.98487
   123.0         0.15762         0.99691         0.98508
   124.0         0.15727         0.99699         0.98528
   125.0         0.15693         0.99706         0.98548
   126.0         0.15659         0.99713         0.98567
   127.0         0.15625         0.99719         0.98586
   128.0         0.15592         0.99726         0.98605
   129.0         0.15559         0.99732         0.98623
   130.0         0.15527         0.99738         0.98641
   131.0         0.15495         0.99744         0.98659
   132.0         0.15463         0.99750         0.98676
   133.0         0.15432         0.99756         0.98693
   134.0         0.15398         0.99761         0.98709
   135.0         0.15363         0.99766         0.98725
   136.0         0.15328         0.99771         0.98741
   137.0         0.15294         0.99776         0.98756
   138.0         0.15260         0.99781         0.98771
   139.0         0.15226         0.99786         0.98786
   140.0         0.15193         0.99790         0.98800
   141.0         0.15160         0.99794         0.98814
   142.0         0.15127         0.99799         0.98828
   143.0         0.15095         0.99803         0.98842
   144.0         0.15063         0.99807         0.98855
   145.0         0.15032         0.99811         0.98868
   146.0         0.15000         0.99815         0.98881
   147.0         0.14969         0.99818         0.98894
   148.0         0.14939         0.99822         0.98906
   149.0         0.14908         0.99825         0.98919
   150.0         0.14878         0.99829         0.98931
   151.0         0.14848         0.99832         0.98942
   152.0         0.14819         0.99835         0.98954
   153.0         0.14790         0.99839         0.98965
   154.0         0.14761         0.99842         0.98977
   155.0         0.14732         0.99845         0.98988
   156.0         0.14704         0.99848         0.98999
   157.0         0.14676         0.99850         0.99009
   158.0         0.14648         0.99853         0.99020
   159.0         0.14620         0.99856         0.99030
   160.0         0.14593         0.99859         0.99040
   161.0         0.14565         0.99861         0.99050
   162.0         0.14539         0.99864         0.99060
   163.0         0.14512         0.99866         0.99070
   164.0         0.14485         0.99869         0.99079
   165.0         0.14459         0.99871         0.99088
   166.0         0.14433         0.99873         0.99098
   167.0         0.14408         0.99876         0.99107
   168.0         0.14382         0.99878         0.99116
   169.0         0.14357         0.99880         0.99124
   170.0         0.14331         0.99882         0.99133
   171.0         0.14307         0.99884         0.99142
   172.0         0.14280         0.99886         0.99150
   173.0         0.14252         0.99888         0.99158
   174.0         0.14224         0.99890         0.99166
   175.0         0.14196         0.99892         0.99174
   176.0         0.14168         0.99893         0.99181
   177.0         0.14141         0.99895         0.99189
   178.0         0.14114         0.99897         0.99196
   179.0         0.14087         0.99898         0.99204
   180.0         0.14060         0.99900         0.99211
   181.0         0.14034         0.99902         0.99218
   182.0         0.14007         0.99903         0.99225
   183.0         0.13981         0.99905         0.99232
   184.0         0.13955         0.99906         0.99239
   185.0         0.13930         0.99908         0.99246
   186.0         0.13904         0.99909         0.99252
   187.0         0.13879         0.99911         0.99259
   188.0         0.13854         0.99912         0.99265
   189.0         0.13829         0.99913         0.99272
   190.0         0.13804         0.99915         0.99278
   191.0         0.13780         0.99916         0.99284
   192.0         0.13755         0.99917         0.99290
   193.0         0.13731         0.99919         0.99296
   194.0         0.13707         0.99920         0.99302
   195.0         0.13683         0.99921         0.99308
   196.0         0.13660         0.99922         0.99314
   197.0         0.13636         0.99923         0.99320
   198.0         0.13613         0.99924         0.99325
   199.0         0.13590         0.99926         0.99331
   200.0         0.13567         0.99927         0.99336
   201.0         0.13544         0.99928         0.99342
   202.0         0.13521         0.99929         0.99347
   203.0         0.13499         0.99930         0.99352
   204.0         0.13476         0.99931         0.99358
   205.0         0.13454         0.99932         0.99363
   206.0         0.13432         0.99932         0.99368
   207.0         0.13410         0.99933         0.99373
   208.0         0.13388         0.99934         0.99378
   209.0         0.13367         0.99935         0.99383
   210.0         0.13345         0.99936         0.99388
   211.0         0.13324         0.99937         0.99392
   212.0         0.13303         0.99938         0.99397
   213.0         0.13282         0.99938         0.99402
   214.0         0.13261         0.99939         0.99406
   215.0         0.13240         0.99940         0.99411
   216.0         0.13219         0.99941         0.99415
   217.0         0.13199         0.99942         0.99420
   218.0         0.13179         0.99942         0.99424
   219.0         0.13158         0.99943         0.99429
   220.0         0.13138         0.99944         0.99433
   221.0         0.13118         0.99945         0.99437
   222.0         0.13098         0.99945         0.99441
   223.0         0.13079         0.99946         0.99445
   224.0         0.13059         0.99947         0.99450
   225.0         0.13039         0.99947         0.99454
   226.0         0.13020         0.99948         0.99458
   227.0         0.13001         0.99949         0.99461
   228.0         0.12982         0.99949         0.99465
   229.0         0.12963         0.99950         0.99469
   230.0         0.12944         0.99950         0.99473
   231.0         0.12925         0.99951         0.99477
   232.0         0.12906         0.99952         0.99481
   233.0         0.12888         0.99952         0.99484
   234.0         0.12869         0.99953         0.99488
   235.0         0.12851         0.99953         0.99491
   236.0         0.12833         0.99954         0.99495
   237.0         0.12815         0.99954         0.99499
   238.0         0.12797         0.99955         0.99502
   239.0         0.12779         0.99955         0.99505
   240.0         0.12761         0.99956         0.99509
   241.0         0.12743         0.99956         0.99512
   242.0         0.12726         0.99957         0.99516
   243.0         0.12708         0.99957         0.99519
   244.0         0.12691         0.99958         0.99522
   245.0         0.12673         0.99958         0.99525
   246.0         0.12656         0.99959         0.99529
   247.0         0.12639         0.99959         0.99532
   248.0         0.12622         0.99960         0.99535
   249.0         0.12605         0.99960         0.99538
   250.0         0.12588         0.99961         0.99541
   251.0         0.12571         0.99961         0.99544
   252.0         0.12555         0.99962         0.99547
   253.0         0.12538         0.99962         0.99550
   254.0         0.12522         0.99962         0.99553
   255.0         0.12505         0.99963         0.99556
   256.0         0.12489         0.99963         0.99559
   257.0         0.12473         0.99964         0.99561
   258.0         0.12457         0.99964         0.99564
   259.0         0.12441         0.99964         0.99567
   260.0         0.12425         0.99965         0.99570
   261.0         0.12409         0.99965         0.99573
   262.0         0.12393         0.99966         0.99575
   263.0         0.12377         0.99966         0.99578
   264.0         0.12362         0.99966         0.99581
   265.0         0.12346         0.99967         0.99583
   266.0         0.12331         0.99967         0.99586
   267.0         0.12314         0.99967         0.99588
   268.0         0.12297         0.99968         0.99591
   269.0         0.12279         0.99968         0.99593
   270.0         0.12262         0.99968         0.99596
   271.0         0.12244         0.99969         0.99598
   272.0         0.12227         0.99969         0.99600
   273.0         0.12210         0.99969         0.99603
   274.0         0.12193         0.99970         0.99605
   275.0         0.12175         0.99970         0.99607
   276.0         0.12159         0.99970         0.99610
   277.0         0.12142         0.99970         0.99612
   278.0         0.12125         0.99971         0.99614
   279.0         0.12108         0.99971         0.99616
   280.0         0.12092         0.99971         0.99619
   281.0         0.12075         0.99972         0.99621
   282.0         0.12059         0.99972         0.99623
   283.0         0.12042         0.99972         0.99625
   284.0         0.12026         0.99972         0.99627
   285.0         0.12010         0.99973         0.99629
   286.0         0.11994         0.99973         0.99631
   287.0         0.11978         0.99973         0.99633
   288.0         0.11962         0.99973         0.99635
   289.0         0.11946         0.99974         0.99638
   290.0         0.11930         0.99974         0.99640
   291.0         0.11914         0.99974         0.99642
   292.0         0.11898         0.99974         0.99643
   293.0         0.11883         0.99975         0.99645
   294.0         0.11867         0.99975         0.99647
   295.0         0.11852         0.99975         0.99649
   296.0         0.11837         0.99975         0.99651
   297.0         0.11821         0.99976         0.99653
   298.0         0.11806         0.99976         0.99655
   299.0         0.11791         0.99976         0.99657
   300.0         0.11776         0.99976         0.99659
   301.0         0.11761         0.99977         0.99660
   302.0         0.11746         0.99977         0.99662
   303.0         0.11731         0.99977         0.99664
   304.0         0.11716         0.99977         0.99666
   305.0         0.11702         0.99977         0.99668
   306.0         0.11687         0.99977         0.99669
   307.0         0.11672         0.99978         0.99671
   308.0         0.11658         0.99978         0.99673
   309.0         0.11643         0.99978         0.99675
   310.0         0.11629         0.99978         0.99676
   311.0         0.11615         0.99978         0.99678
   312.0         0.11600         0.99979         0.99680
   313.0         0.11586         0.99979         0.99681
   314.0         0.11572         0.99979         0.99683
   315.0         0.11558         0.99979         0.99684
   316.0         0.11544         0.99979         0.99686
   317.0         0.11530         0.99979         0.99688
   318.0         0.11516         0.99980         0.99689
   319.0         0.11502         0.99980         0.99691
   320.0         0.11489         0.99980         0.99692
   321.0         0.11475         0.99980         0.99694
   322.0         0.11461         0.99980         0.99695
   323.0         0.11448         0.99980         0.99697
   324.0         0.11434         0.99981         0.99698
   325.0         0.11421         0.99981         0.99700
   326.0         0.11407         0.99981         0.99701
   327.0         0.11394         0.99981         0.99703
   328.0         0.11381         0.99981         0.99704
   329.0         0.11367         0.99981         0.99706
   330.0         0.11354         0.99981         0.99707
   331.0         0.11341         0.99982         0.99709
   332.0         0.11328         0.99982         0.99710
   333.0         0.11315         0.99982         0.99711
   334.0         0.11302         0.99982         0.99713
   335.0         0.11289         0.99982         0.99714
   336.0         0.11276         0.99982         0.99716
   337.0         0.11264         0.99982         0.99717
   338.0         0.11251         0.99983         0.99718
   339.0         0.11238         0.99983         0.99720
   340.0         0.11226         0.99983         0.99721
   341.0         0.11213         0.99983         0.99722
   342.0         0.11200         0.99983         0.99724
   343.0         0.11188         0.99983         0.99725
   344.0         0.11175         0.99983         0.99726
   345.0         0.11163         0.99983         0.99727
   346.0         0.11151         0.99984         0.99729
   347.0         0.11139         0.99984         0.99730
   348.0         0.11126         0.99984         0.99731
   349.0         0.11114         0.99984         0.99733
   350.0         0.11102         0.99984         0.99734
   351.0         0.11090         0.99984         0.99735
   352.0         0.11078         0.99984         0.99736
   353.0         0.11066         0.99984         0.99737
   354.0         0.11054         0.99985         0.99739
   355.0         0.11042         0.99985         0.99740
   356.0         0.11030         0.99985         0.99741
   357.0         0.11018         0.99985         0.99742
   358.0         0.11007         0.99985         0.99743
   359.0         0.10995         0.99985         0.99744
   360.0         0.10983         0.99985         0.99746
   361.0         0.10972         0.99985         0.99747
   362.0         0.10960         0.99985         0.99748
   363.0         0.10949         0.99986         0.99749
   364.0         0.10937         0.99986         0.99750
   365.0         0.10926         0.99986         0.99751
   366.0         0.10914         0.99986         0.99752
   367.0         0.10903         0.99986         0.99753
   368.0         0.10892         0.99986         0.99754
   369.0         0.10880         0.99986         0.99756
   370.0         0.10869         0.99986         0.99757
   371.0         0.10858         0.99986         0.99758
   372.0         0.10847         0.99986         0.99759
   373.0         0.10836         0.99986         0.99760
   374.0         0.10825         0.99987         0.99761
   375.0         0.10814         0.99987         0.99762
   376.0         0.10803         0.99987         0.99763
   377.0         0.10792         0.99987         0.99764
   378.0         0.10781         0.99987         0.99765
   379.0         0.10770         0.99987         0.99766
   380.0         0.10759         0.99987         0.99767
   381.0         0.10748         0.99987         0.99768
   382.0         0.10738         0.99987         0.99769
   383.0         0.10727         0.99987         0.99770
   384.0         0.10716         0.99987         0.99771
   385.0         0.10706         0.99988         0.99772
   386.0         0.10695         0.99988         0.99773
   387.0         0.10685         0.99988         0.99774
   388.0         0.10674         0.99988         0.99775
   389.0         0.10664         0.99988         0.99775
   390.0         0.10653         0.99988         0.99776
   391.0         0.10643         0.99988         0.99777
   392.0         0.10633         0.99988         0.99778
   393.0         0.10622         0.99988         0.99779
   394.0         0.10612         0.99988         0.99780
   395.0         0.10602         0.99988         0.99781
   396.0         0.10592         0.99988         0.99782
   397.0         0.10581         0.99988         0.99783
   398.0         0.10571         0.99989         0.99784
   399.0         0.10561         0.99989         0.99784
   400.0         0.10551         0.99989         0.99785
   401.0         0.10541         0.99989         0.99786
   402.0         0.10531         0.99989         0.99787
   403.0         0.10521         0.99989         0.99788
   404.0         0.10511         0.99989         0.99789
   405.0         0.10501         0.99989         0.99790
   406.0         0.10491         0.99989         0.99790
   407.0         0.10482         0.99989         0.99791
   408.0         0.10472         0.99989         0.99792
   409.0         0.10462         0.99989         0.99793
   410.0         0.10452         0.99989         0.99794
   411.0         0.10443         0.99989         0.99795
   412.0         0.10433         0.99989         0.99795
   413.0         0.10423         0.99990         0.99796
   414.0         0.10414         0.99990         0.99797
   415.0         0.10404         0.99990         0.99798
   416.0         0.10395         0.99990         0.99799
   417.0         0.10385         0.99990         0.99799
   418.0         0.10376         0.99990         0.99800
   419.0         0.10366         0.99990         0.99801
   420.0         0.10357         0.99990         0.99802
   421.0         0.10348         0.99990         0.99802
   422.0         0.10338         0.99990         0.99803
   423.0         0.10329         0.99990         0.99804
   424.0         0.10320         0.99990         0.99805
   425.0         0.10311         0.99990         0.99805
   426.0         0.10301         0.99990         0.99806
   427.0         0.10292         0.99990         0.99807
   428.0         0.10282         0.99990         0.99808
   429.0         0.10272         0.99990         0.99808
   430.0         0.10262         0.99991         0.99809
   431.0         0.10252         0.99991         0.99810
   432.0         0.10242         0.99991         0.99810
   433.0         0.10233         0.99991         0.99811
   434.0         0.10223         0.99991         0.99812
   435.0         0.10213         0.99991         0.99812
   436.0         0.10203         0.99991         0.99813
   437.0         0.10193         0.99991         0.99814
   438.0         0.10183         0.99991         0.99814
   439.0         0.10174         0.99991         0.99815
   440.0         0.10164         0.99991         0.99816
   441.0         0.10154         0.99991         0.99816
   442.0         0.10145         0.99991         0.99817
   443.0         0.10135         0.99991         0.99818
   444.0         0.10126         0.99991         0.99818
   445.0         0.10116         0.99991         0.99819
   446.0         0.10107         0.99991         0.99820
   447.0         0.10097         0.99991         0.99820
   448.0         0.10088         0.99991         0.99821
   449.0         0.10078         0.99991         0.99822
   450.0         0.10069         0.99991         0.99822
   451.0         0.10060         0.99992         0.99823
   452.0         0.10050         0.99992         0.99823
   453.0         0.10041         0.99992         0.99824
   454.0         0.10032         0.99992         0.99825
   455.0         0.10022         0.99992         0.99825
   456.0         0.10013         0.99992         0.99826
   457.0         0.10004         0.99992         0.99826
   458.0         0.09995         0.99992         0.99827
   459.0         0.09986         0.99992         0.99828
   460.0         0.09977         0.99992         0.99828
   461.0         0.09968         0.99992         0.99829
   462.0         0.09959         0.99992         0.99829
   463.0         0.09950         0.99992         0.99830
   464.0         0.09941         0.99992         0.99831
   465.0         0.09932         0.99992         0.99831
   466.0         0.09923         0.99992         0.99832
   467.0         0.09914         0.99992         0.99832
   468.0         0.09905         0.99992         0.99833
   469.0         0.09896         0.99992         0.99833
   470.0         0.09887         0.99992         0.99834
   471.0         0.09879         0.99992         0.99835
   472.0         0.09870         0.99992         0.99835
   473.0         0.09861         0.99992         0.99836
   474.0         0.09852         0.99992         0.99836
   475.0         0.09844         0.99993         0.99837
   476.0         0.09835         0.99993         0.99837
   477.0         0.09826         0.99993         0.99838
   478.0         0.09818         0.99993         0.99838
   479.0         0.09809         0.99993         0.99839
   480.0         0.09801         0.99993         0.99839
   481.0         0.09792         0.99993         0.99840
   482.0         0.09784         0.99993         0.99840
   483.0         0.09775         0.99993         0.99841
   484.0         0.09767         0.99993         0.99842
   485.0         0.09758         0.99993         0.99842
   486.0         0.09750         0.99993         0.99843
   487.0         0.09741         0.99993         0.99843
   488.0         0.09733         0.99993         0.99844
   489.0         0.09725         0.99993         0.99844
   490.0         0.09716         0.99993         0.99845
   491.0         0.09708         0.99993         0.99845
   492.0         0.09700         0.99993         0.99846
   493.0         0.09692         0.99993         0.99846
   494.0         0.09683         0.99993         0.99847
   495.0         0.09675         0.99993         0.99847
   496.0         0.09667         0.99993         0.99848
   497.0         0.09659         0.99993         0.99848
   498.0         0.09651         0.99993         0.99848
   499.0         0.09643         0.99993         0.99849
   500.0         0.09635         0.99993         0.99849
   501.0         0.09627         0.99993         0.99850
   502.0         0.09619         0.99993         0.99850
   503.0         0.09611         0.99993         0.99851
   504.0         0.09603         0.99993         0.99851
   505.0         0.09595         0.99993         0.99852
   506.0         0.09587         0.99994         0.99852
   507.0         0.09579         0.99994         0.99853
   508.0         0.09571         0.99994         0.99853
   509.0         0.09563         0.99994         0.99854
   510.0         0.09555         0.99994         0.99854
   511.0         0.09548         0.99994         0.99855
   512.0         0.09540         0.99994         0.99855
   513.0         0.09532         0.99994         0.99855
   514.0         0.09524         0.99994         0.99856
   515.0         0.09516         0.99994         0.99856
   516.0         0.09509         0.99994         0.99857
   517.0         0.09501         0.99994         0.99857
   518.0         0.09493         0.99994         0.99858
   519.0         0.09486         0.99994         0.99858
   520.0         0.09478         0.99994         0.99858
   521.0         0.09470         0.99994         0.99859
   522.0         0.09463         0.99994         0.99859
   523.0         0.09455         0.99994         0.99860
   524.0         0.09448         0.99994         0.99860
   525.0         0.09440         0.99994         0.99861
   526.0         0.09433         0.99994         0.99861
   527.0         0.09425         0.99994         0.99861
   528.0         0.09418         0.99994         0.99862
   529.0         0.09410         0.99994         0.99862
   530.0         0.09403         0.99994         0.99863
   531.0         0.09396         0.99994         0.99863
   532.0         0.09388         0.99994         0.99863
   533.0         0.09381         0.99994         0.99864
   534.0         0.09373         0.99994         0.99864
   535.0         0.09366         0.99994         0.99865
   536.0         0.09359         0.99994         0.99865
   537.0         0.09352         0.99994         0.99865
   538.0         0.09344         0.99994         0.99866
   539.0         0.09337         0.99994         0.99866
   540.0         0.09330         0.99994         0.99867
   541.0         0.09323         0.99994         0.99867
   542.0         0.09315         0.99994         0.99867
   543.0         0.09308         0.99994         0.99868
   544.0         0.09301         0.99994         0.99868
   545.0         0.09294         0.99994         0.99869
   546.0         0.09287         0.99995         0.99869
   547.0         0.09280         0.99995         0.99869
   548.0         0.09273         0.99995         0.99870
   549.0         0.09266         0.99995         0.99870
   550.0         0.09259         0.99995         0.99870
   551.0         0.09252         0.99995         0.99871
   552.0         0.09244         0.99995         0.99871
   553.0         0.09238         0.99995         0.99872
   554.0         0.09231         0.99995         0.99872
   555.0         0.09224         0.99995         0.99872
   556.0         0.09217         0.99995         0.99873
   557.0         0.09210         0.99995         0.99873
   558.0         0.09203         0.99995         0.99873
   559.0         0.09196         0.99995         0.99874
   560.0         0.09189         0.99995         0.99874
   561.0         0.09182         0.99995         0.99874
   562.0         0.09175         0.99995         0.99875
   563.0         0.09169         0.99995         0.99875
   564.0         0.09162         0.99995         0.99876
   565.0         0.09155         0.99995         0.99876
   566.0         0.09148         0.99995         0.99876
   567.0         0.09142         0.99995         0.99877
   568.0         0.09135         0.99995         0.99877
   569.0         0.09127         0.99995         0.99877
   570.0         0.09120         0.99995         0.99878
   571.0         0.09113         0.99995         0.99878
   572.0         0.09106         0.99995         0.99878
   573.0         0.09099         0.99995         0.99879
   574.0         0.09092         0.99995         0.99879
   575.0         0.09085         0.99995         0.99879
   576.0         0.09078         0.99995         0.99880
   577.0         0.09071         0.99995         0.99880
   578.0         0.09064         0.99995         0.99880
   579.0         0.09057         0.99995         0.99881
   580.0         0.09050         0.99995         0.99881
   581.0         0.09043         0.99995         0.99881
   582.0         0.09036         0.99995         0.99881
   583.0         0.09029         0.99995         0.99882
   584.0         0.09022         0.99995         0.99882
   585.0         0.09015         0.99995         0.99882
   586.0         0.09008         0.99995         0.99883
   587.0         0.09001         0.99995         0.99883
   588.0         0.08995         0.99995         0.99883
   589.0         0.08988         0.99995         0.99884
   590.0         0.08981         0.99995         0.99884
   591.0         0.08974         0.99995         0.99884
   592.0         0.08967         0.99995         0.99885
   593.0         0.08961         0.99995         0.99885
   594.0         0.08954         0.99995         0.99885
   595.0         0.08947         0.99995         0.99885
   596.0         0.08941         0.99995         0.99886
   597.0         0.08934         0.99995         0.99886
   598.0         0.08927         0.99995         0.99886
   599.0         0.08921         0.99995         0.99887
   600.0         0.08914         0.99996         0.99887
   601.0         0.08907         0.99996         0.99887
   602.0         0.08901         0.99996         0.99888
   603.0         0.08894         0.99996         0.99888
   604.0         0.08888         0.99996         0.99888
   605.0         0.08881         0.99996         0.99888
   606.0         0.08874         0.99996         0.99889
   607.0         0.08868         0.99996         0.99889
   608.0         0.08861         0.99996         0.99889
   609.0         0.08855         0.99996         0.99890
   610.0         0.08848         0.99996         0.99890
   611.0         0.08842         0.99996         0.99890
   612.0         0.08836         0.99996         0.99890
   613.0         0.08829         0.99996         0.99891
   614.0         0.08823         0.99996         0.99891
   615.0         0.08816         0.99996         0.99891
   616.0         0.08810         0.99996         0.99891
   617.0         0.08804         0.99996         0.99892
   618.0         0.08797         0.99996         0.99892
   619.0         0.08791         0.99996         0.99892
   620.0         0.08784         0.99996         0.99893
   621.0         0.08778         0.99996         0.99893
   622.0         0.08772         0.99996         0.99893
   623.0         0.08766         0.99996         0.99893
   624.0         0.08759         0.99996         0.99894
   625.0         0.08753         0.99996         0.99894
   626.0         0.08747         0.99996         0.99894
   627.0         0.08741         0.99996         0.99894
   628.0         0.08734         0.99996         0.99895
   629.0         0.08728         0.99996         0.99895
   630.0         0.08722         0.99996         0.99895
   631.0         0.08716         0.99996         0.99895
   632.0         0.08710         0.99996         0.99896
   633.0         0.08704         0.99996         0.99896
   634.0         0.08697         0.99996         0.99896
   635.0         0.08691         0.99996         0.99896
   636.0         0.08685         0.99996         0.99897
   637.0         0.08679         0.99996         0.99897
   638.0         0.08673         0.99996         0.99897
   639.0         0.08667         0.99996         0.99897
   640.0         0.08661         0.99996         0.99898
   641.0         0.08655         0.99996         0.99898
   642.0         0.08649         0.99996         0.99898
   643.0         0.08643         0.99996         0.99898
   644.0         0.08637         0.99996         0.99899
   645.0         0.08631         0.99996         0.99899
   646.0         0.08625         0.99996         0.99899
   647.0         0.08619         0.99996         0.99899
   648.0         0.08613         0.99996         0.99900
   649.0         0.08607         0.99996         0.99900
   650.0         0.08601         0.99996         0.99900
   651.0         0.08595         0.99996         0.99900
   652.0         0.08590         0.99996         0.99901
   653.0         0.08584         0.99996         0.99901
   654.0         0.08578         0.99996         0.99901
   655.0         0.08572         0.99996         0.99901
   656.0         0.08566         0.99996         0.99902
   657.0         0.08560         0.99996         0.99902
   658.0         0.08555         0.99996         0.99902
   659.0         0.08549         0.99996         0.99902
   660.0         0.08543         0.99996         0.99902
   661.0         0.08537         0.99996         0.99903
   662.0         0.08531         0.99996         0.99903
   663.0         0.08526         0.99996         0.99903
   664.0         0.08520         0.99996         0.99903
   665.0         0.08514         0.99996         0.99904
   666.0         0.08509         0.99996         0.99904
   667.0         0.08503         0.99996         0.99904
   668.0         0.08497         0.99996         0.99904
   669.0         0.08492         0.99996         0.99905
   670.0         0.08486         0.99996         0.99905
   671.0         0.08480         0.99996         0.99905
   672.0         0.08475         0.99996         0.99905
   673.0         0.08469         0.99996         0.99905
   674.0         0.08463         0.99996         0.99906
   675.0         0.08458         0.99996         0.99906
   676.0         0.08452         0.99996         0.99906
   677.0         0.08447         0.99996         0.99906
   678.0         0.08441         0.99996         0.99906
   679.0         0.08436         0.99997         0.99907
   680.0         0.08430         0.99997         0.99907
   681.0         0.08425         0.99997         0.99907
   682.0         0.08419         0.99997         0.99907
   683.0         0.08414         0.99997         0.99908
   684.0         0.08408         0.99997         0.99908
   685.0         0.08403         0.99997         0.99908
   686.0         0.08397         0.99997         0.99908
   687.0         0.08392         0.99997         0.99908
   688.0         0.08386         0.99997         0.99909
   689.0         0.08381         0.99997         0.99909
   690.0         0.08375         0.99997         0.99909
   691.0         0.08370         0.99997         0.99909
   692.0         0.08365         0.99997         0.99909
   693.0         0.08359         0.99997         0.99910
   694.0         0.08354         0.99997         0.99910
   695.0         0.08348         0.99997         0.99910
   696.0         0.08343         0.99997         0.99910
   697.0         0.08338         0.99997         0.99910
   698.0         0.08332         0.99997         0.99911
   699.0         0.08327         0.99997         0.99911
   700.0         0.08322         0.99997         0.99911
   701.0         0.08317         0.99997         0.99911
   702.0         0.08311         0.99997         0.99911
   703.0         0.08306         0.99997         0.99912
   704.0         0.08301         0.99997         0.99912
   705.0         0.08295         0.99997         0.99912
   706.0         0.08290         0.99997         0.99912
   707.0         0.08285         0.99997         0.99912
   708.0         0.08280         0.99997         0.99913
   709.0         0.08275         0.99997         0.99913
   710.0         0.08269         0.99997         0.99913
   711.0         0.08264         0.99997         0.99913
   712.0         0.08259         0.99997         0.99913
   713.0         0.08254         0.99997         0.99914
   714.0         0.08249         0.99997         0.99914
   715.0         0.08244         0.99997         0.99914
   716.0         0.08238         0.99997         0.99914
   717.0         0.08233         0.99997         0.99914
   718.0         0.08228         0.99997         0.99914
   719.0         0.08223         0.99997         0.99915
   720.0         0.08218         0.99997         0.99915
   721.0         0.08213         0.99997         0.99915
   722.0         0.08208         0.99997         0.99915
   723.0         0.08203         0.99997         0.99915
   724.0         0.08198         0.99997         0.99916
   725.0         0.08193         0.99997         0.99916
   726.0         0.08188         0.99997         0.99916
   727.0         0.08183         0.99997         0.99916
   728.0         0.08178         0.99997         0.99916
   729.0         0.08173         0.99997         0.99916
   730.0         0.08168         0.99997         0.99917
   731.0         0.08163         0.99997         0.99917
   732.0         0.08158         0.99997         0.99917
   733.0         0.08153         0.99997         0.99917
   734.0         0.08148         0.99997         0.99917
   735.0         0.08143         0.99997         0.99918
   736.0         0.08138         0.99997         0.99918
   737.0         0.08133         0.99997         0.99918
   738.0         0.08128         0.99997         0.99918
   739.0         0.08123         0.99997         0.99918
   740.0         0.08118         0.99997         0.99918
   741.0         0.08113         0.99997         0.99919
   742.0         0.08109         0.99997         0.99919
   743.0         0.08104         0.99997         0.99919
   744.0         0.08099         0.99997         0.99919
   745.0         0.08094         0.99997         0.99919
   746.0         0.08089         0.99997         0.99919
   747.0         0.08084         0.99997         0.99920
   748.0         0.08079         0.99997         0.99920
   749.0         0.08075         0.99997         0.99920
   750.0         0.08070         0.99997         0.99920
   751.0         0.08065         0.99997         0.99920
   752.0         0.08060         0.99997         0.99920
   753.0         0.08056         0.99997         0.99921
   754.0         0.08051         0.99997         0.99921
   755.0         0.08045         0.99997         0.99921
   756.0         0.08040         0.99997         0.99921
   757.0         0.08035         0.99997         0.99921
   758.0         0.08030         0.99997         0.99921
   759.0         0.08025         0.99997         0.99921
   760.0         0.08020         0.99997         0.99922
   761.0         0.08015         0.99997         0.99922
   762.0         0.08010         0.99997         0.99922
   763.0         0.08005         0.99997         0.99922
   764.0         0.08000         0.99997         0.99922
   765.0         0.07995         0.99997         0.99922
   766.0         0.07990         0.99997         0.99923
   767.0         0.07985         0.99997         0.99923
   768.0         0.07980         0.99997         0.99923
   769.0         0.07976         0.99997         0.99923
   770.0         0.07971         0.99997         0.99923
   771.0         0.07966         0.99997         0.99923
   772.0         0.07961         0.99997         0.99924
   773.0         0.07956         0.99997         0.99924
   774.0         0.07951         0.99997         0.99924
   775.0         0.07946         0.99997         0.99924
   776.0         0.07941         0.99997         0.99924
   777.0         0.07936         0.99997         0.99924
   778.0         0.07932         0.99997         0.99924
   779.0         0.07927         0.99997         0.99925
   780.0         0.07922         0.99997         0.99925
   781.0         0.07917         0.99997         0.99925
   782.0         0.07912         0.99997         0.99925
   783.0         0.07907         0.99997         0.99925
   784.0         0.07903         0.99997         0.99925
   785.0         0.07898         0.99997         0.99925
   786.0         0.07893         0.99997         0.99926
   787.0         0.07888         0.99997         0.99926
   788.0         0.07884         0.99997         0.99926
   789.0         0.07879         0.99997         0.99926
   790.0         0.07874         0.99997         0.99926
   791.0         0.07869         0.99997         0.99926
   792.0         0.07865         0.99997         0.99926
   793.0         0.07860         0.99997         0.99927
   794.0         0.07855         0.99997         0.99927
   795.0         0.07851         0.99997         0.99927
   796.0         0.07846         0.99997         0.99927
   797.0         0.07841         0.99997         0.99927
   798.0         0.07836         0.99997         0.99927
   799.0         0.07832         0.99997         0.99927
   800.0         0.07827         0.99997         0.99928
   801.0         0.07823         0.99997         0.99928
   802.0         0.07818         0.99997         0.99928
   803.0         0.07813         0.99997         0.99928
   804.0         0.07809         0.99997         0.99928
   805.0         0.07804         0.99997         0.99928
   806.0         0.07799         0.99997         0.99928
   807.0         0.07795         0.99997         0.99929
   808.0         0.07790         0.99997         0.99929
   809.0         0.07786         0.99997         0.99929
   810.0         0.07781         0.99997         0.99929
   811.0         0.07777         0.99997         0.99929
   812.0         0.07772         0.99997         0.99929
   813.0         0.07767         0.99998         0.99929
   814.0         0.07763         0.99998         0.99929
   815.0         0.07758         0.99998         0.99930
   816.0         0.07754         0.99998         0.99930
   817.0         0.07749         0.99998         0.99930
   818.0         0.07745         0.99998         0.99930
   819.0         0.07740         0.99998         0.99930
   820.0         0.07736         0.99998         0.99930
   821.0         0.07731         0.99998         0.99930
   822.0         0.07727         0.99998         0.99930
   823.0         0.07722         0.99998         0.99931
   824.0         0.07718         0.99998         0.99931
   825.0         0.07714         0.99998         0.99931
   826.0         0.07709         0.99998         0.99931
   827.0         0.07705         0.99998         0.99931
   828.0         0.07700         0.99998         0.99931
   829.0         0.07696         0.99998         0.99931
   830.0         0.07691         0.99998         0.99931
   831.0         0.07687         0.99998         0.99932
   832.0         0.07683         0.99998         0.99932
   833.0         0.07678         0.99998         0.99932
   834.0         0.07674         0.99998         0.99932
   835.0         0.07670         0.99998         0.99932
   836.0         0.07665         0.99998         0.99932
   837.0         0.07661         0.99998         0.99932
   838.0         0.07657         0.99998         0.99932
   839.0         0.07652         0.99998         0.99933
   840.0         0.07648         0.99998         0.99933
   841.0         0.07644         0.99998         0.99933
   842.0         0.07639         0.99998         0.99933
   843.0         0.07635         0.99998         0.99933
   844.0         0.07631         0.99998         0.99933
   845.0         0.07626         0.99998         0.99933
   846.0         0.07622         0.99998         0.99933
   847.0         0.07618         0.99998         0.99934
   848.0         0.07613         0.99998         0.99934
   849.0         0.07609         0.99998         0.99934
   850.0         0.07605         0.99998         0.99934
   851.0         0.07601         0.99998         0.99934
   852.0         0.07596         0.99998         0.99934
   853.0         0.07592         0.99998         0.99934
   854.0         0.07588         0.99998         0.99934
   855.0         0.07584         0.99998         0.99935
   856.0         0.07580         0.99998         0.99935
   857.0         0.07575         0.99998         0.99935
   858.0         0.07571         0.99998         0.99935
   859.0         0.07567         0.99998         0.99935
   860.0         0.07563         0.99998         0.99935
   861.0         0.07559         0.99998         0.99935
   862.0         0.07554         0.99998         0.99935
   863.0         0.07550         0.99998         0.99935
   864.0         0.07546         0.99998         0.99936
   865.0         0.07542         0.99998         0.99936
   866.0         0.07538         0.99998         0.99936
   867.0         0.07534         0.99998         0.99936
   868.0         0.07530         0.99998         0.99936
   869.0         0.07526         0.99998         0.99936
   870.0         0.07521         0.99998         0.99936
   871.0         0.07517         0.99998         0.99936
   872.0         0.07513         0.99998         0.99936
   873.0         0.07509         0.99998         0.99937
   874.0         0.07505         0.99998         0.99937
   875.0         0.07501         0.99998         0.99937
   876.0         0.07497         0.99998         0.99937
   877.0         0.07493         0.99998         0.99937
   878.0         0.07489         0.99998         0.99937
   879.0         0.07485         0.99998         0.99937
   880.0         0.07481         0.99998         0.99937
   881.0         0.07477         0.99998         0.99937
   882.0         0.07473         0.99998         0.99938
   883.0         0.07469         0.99998         0.99938
   884.0         0.07465         0.99998         0.99938
   885.0         0.07461         0.99998         0.99938
   886.0         0.07457         0.99998         0.99938
   887.0         0.07453         0.99998         0.99938
   888.0         0.07449         0.99998         0.99938
   889.0         0.07445         0.99998         0.99938
   890.0         0.07441         0.99998         0.99938
   891.0         0.07437         0.99998         0.99939
   892.0         0.07433         0.99998         0.99939
   893.0         0.07429         0.99998         0.99939
   894.0         0.07425         0.99998         0.99939
   895.0         0.07421         0.99998         0.99939
   896.0         0.07417         0.99998         0.99939
   897.0         0.07413         0.99998         0.99939
   898.0         0.07409         0.99998         0.99939
   899.0         0.07405         0.99998         0.99939
   900.0         0.07401         0.99998         0.99939
   901.0         0.07397         0.99998         0.99940
   902.0         0.07394         0.99998         0.99940
   903.0         0.07390         0.99998         0.99940
   904.0         0.07386         0.99998         0.99940
   905.0         0.07382         0.99998         0.99940
   906.0         0.07378         0.99998         0.99940
   907.0         0.07374         0.99998         0.99940
   908.0         0.07370         0.99998         0.99940
   909.0         0.07366         0.99998         0.99940
   910.0         0.07363         0.99998         0.99940
   911.0         0.07359         0.99998         0.99941
   912.0         0.07355         0.99998         0.99941
   913.0         0.07351         0.99998         0.99941
   914.0         0.07347         0.99998         0.99941
   915.0         0.07343         0.99998         0.99941
   916.0         0.07340         0.99998         0.99941
   917.0         0.07336         0.99998         0.99941
   918.0         0.07332         0.99998         0.99941
   919.0         0.07328         0.99998         0.99941
   920.0         0.07324         0.99998         0.99941
   921.0         0.07321         0.99998         0.99942
   922.0         0.07317         0.99998         0.99942
   923.0         0.07313         0.99998         0.99942
   924.0         0.07309         0.99998         0.99942
   925.0         0.07306         0.99998         0.99942
   926.0         0.07302         0.99998         0.99942
   927.0         0.07298         0.99998         0.99942
   928.0         0.07294         0.99998         0.99942
   929.0         0.07291         0.99998         0.99942
   930.0         0.07287         0.99998         0.99942
   931.0         0.07283         0.99998         0.99942
   932.0         0.07280         0.99998         0.99943
   933.0         0.07276         0.99998         0.99943
   934.0         0.07272         0.99998         0.99943
   935.0         0.07268         0.99998         0.99943
   936.0         0.07265         0.99998         0.99943
   937.0         0.07261         0.99998         0.99943
   938.0         0.07257         0.99998         0.99943
   939.0         0.07254         0.99998         0.99943
   940.0         0.07250         0.99998         0.99943
   941.0         0.07246         0.99998         0.99943
   942.0         0.07243         0.99998         0.99944
   943.0         0.07239         0.99998         0.99944
   944.0         0.07235         0.99998         0.99944
   945.0         0.07232         0.99998         0.99944
   946.0         0.07228         0.99998         0.99944
   947.0         0.07225         0.99998         0.99944
   948.0         0.07221         0.99998         0.99944
   949.0         0.07217         0.99998         0.99944
   950.0         0.07214         0.99998         0.99944
   951.0         0.07210         0.99998         0.99944
   952.0         0.07206         0.99998         0.99944
   953.0         0.07203         0.99998         0.99945
   954.0         0.07199         0.99998         0.99945
   955.0         0.07196         0.99998         0.99945
   956.0         0.07192         0.99998         0.99945
   957.0         0.07189         0.99998         0.99945
   958.0         0.07185         0.99998         0.99945
   959.0         0.07181         0.99998         0.99945
   960.0         0.07178         0.99998         0.99945
   961.0         0.07174         0.99998         0.99945
   962.0         0.07171         0.99998         0.99945
   963.0         0.07167         0.99998         0.99945
   964.0         0.07164         0.99998         0.99945
   965.0         0.07160         0.99998         0.99946
   966.0         0.07157         0.99998         0.99946
   967.0         0.07153         0.99998         0.99946
   968.0         0.07150         0.99998         0.99946
   969.0         0.07146         0.99998         0.99946
   970.0         0.07143         0.99998         0.99946
   971.0         0.07139         0.99998         0.99946
   972.0         0.07136         0.99998         0.99946
   973.0         0.07132         0.99998         0.99946
   974.0         0.07129         0.99998         0.99946
   975.0         0.07125         0.99998         0.99946
   976.0         0.07122         0.99998         0.99946
   977.0         0.07118         0.99998         0.99947
   978.0         0.07115         0.99998         0.99947
   979.0         0.07111         0.99998         0.99947
   980.0         0.07108         0.99998         0.99947
   981.0         0.07105         0.99998         0.99947
   982.0         0.07101         0.99998         0.99947
   983.0         0.07098         0.99998         0.99947
   984.0         0.07094         0.99998         0.99947
   985.0         0.07091         0.99998         0.99947
   986.0         0.07087         0.99998         0.99947
   987.0         0.07084         0.99998         0.99947
   988.0         0.07081         0.99998         0.99947
   989.0         0.07077         0.99998         0.99948
   990.0         0.07074         0.99998         0.99948
   991.0         0.07070         0.99998         0.99948
   992.0         0.07067         0.99998         0.99948
   993.0         0.07064         0.99998         0.99948
   994.0         0.07060         0.99998         0.99948
   995.0         0.07057         0.99998         0.99948
   996.0         0.07054         0.99998         0.99948
   997.0         0.07050         0.99998         0.99948
   998.0         0.07047         0.99998         0.99948
   999.0         0.07043         0.99998         0.99948
  1000.0         0.07040         0.99998         0.99948
